[mifoto.jpg]
backuphash=3327
text=1;124;4;hola;Arial;0.187311,0.882166,0.033333,0.000000;v1,4294967295,4278190080,128.000000,1.000000,0.000000,1.000000,400,0,49152;;
textactive=1
